000000000000000000000000000000000
000000000000000000000000000000000
000000000000000000000000000000000
000000000111110000000000000000000
000000000000000000000000000000000
000000000000000000000000000000000
000001110000000000000000000000000
000000000000000000000000000000000
000000000000000000000000000000000
000000000000000000100000000000000
000000000000000000111111000000000
000000000000000111100000000000000
000000000000000000000000000000000
000000000000000000000000000000000
111110000000000000000000000000000
000000000000000000000000000000000
000000000000000000000001111111111
000000000000000000000000000000000
000000000000000000000000000000000
000000000000000000000000000000000
000000011111100000000000000000000
000000000000000000000000000000000
000000000000000000000000000000000
000000000000000000000000000000000
000000000000000000000000000000000
